10 20
5 7
2 7
1 14
6 18
7 0
1 14
6 14
7 3
5 7
9 1
4 3
5 0
9 1
3 17
4 10
2 1
0 11
0 9
0 15
5 14
1 4
7 17
1 12
9 10
0 7
6 0
0 11
3 8
9 2
6 15
2 7
6 17
7 0
5 16
2 3
3 0
0 4
2 4
6 2
8 13
4 0
1 6
2 9
7 15
4 11
1 10
7 13
7 6
2 3
1 14
4 2
4 10
6 8
9 8
8 12
2 6
3 18
4 17
4 18
4 13
9 3
5 4
5 11
9 16
8 11
3 13
5 3
0 7
4 15
0 19
9 16
5 11
2 6
3 7
0 2
8 19
0 19
7 6
0 9
4 0
3 9
4 11
5 15
3 10
6 1
3 2
5 19
0 10
9 0
6 11
1 16
2 11
5 18
7 1
3 16
2 4
7 8
8 15
0 14
3 17
2 19
4 10
1 4
8 14
4 11
9 0
3 1
6 18
2 9
9 15
4 8
2 17
1 1
8 12
7 15
4 19
3 1
1 1
1 13
0 15
2 8
9 16
8 16
9 1
1 3
7 2
5 4
4 0
4 8
7 4
0 6
4 4
6 14
2 13
3 14
8 13
4 10
5 14
3 2
4 10
7 13
3 0
2 8
4 11
1 0
5 14
7 8
2 0
9 11
7 17
8 12
1 0
6 10
0 18
7 6
9 10
0 11
7 7
2 18
3 0